1981
 819
 848
 700
 151
1854
1403
 913
1026
1425
 278
 697
1421
1015
1182
 457
 728
1834
1499
  17
1333
 439
1175
1615
1762
 994
1078
 866
1096
1560
1385
1077
 378
 233
1776
 528
  86
1179
1440
1111
 603
1718
1808
  24
 733
 989
 480
1460
 822
1979
1476
 154
 417
 651
1769
 178
1645
 847
1044
 740
 406
 429
1817
 783
 661
1593
1311
 746
 771
 751
1857
1374
 469
1664
1398
1201
 652
1878
1473
1856
 137
1627
 273
 787
1395
 450
 432
 241
1494
1172
 647
1922
 988
1430
 582
 581
 741
1328
1351
1491
1184
 725
1960
 123
1160
1500
2000
1820
 973
1855
1957
 599
 127
 744
1994
 577
 235
  70
 346
 881
1992
1334
 311
 573
1914
1051
1900
1265
 542
1084
1990
 501
1932
 112
1661
1431
 111
1481
 403
1966
1437
1002
  93
 180
 995
 670
1355
1230
1701
 731
1034
 421
1303
 948
1472
1203
 212
  14
 287
 201
 514
 218
 313
 175
1649
 423
1655
  51
 388
1092
1053
 481
1271
  48
1150
 626
1277
1889
 326
1388
 619
1360
 307
1280
1125
 519
1293
1411
 719
1807
1629
1032
1454
1636
1842
 727
 381
 322
1998
 428
1471
 623
1704
 949
1091
1978
 308
 899
 615
1024
1133
 435
1852
  63
 883
1258
1340
 337
 893
 668
1619
1048
 500
1616
1475
1970
 239
1329
1187
 270
1307
1495
1168
1206
 109
1346
 229
1241
 817
 663
1093
  94
 726
1975
  66
 244
 488
1862
1781
1478
1256
 957
1717
 434
 286
 903
 703
 398
1871
 798
 506
1217
1027
1747
  34
1690
 839
 415
 813
1124
1721
1213
1612
1583
1060
 249
1556
 776
 682
1841
1679
1434
  76
 231
 473
 328
 947
1166
 632
1362
1101
1830
1055
 712
1412
 471
 297
1247
 978
 706
 926
 363
 140
1001
 370
1582
  91
1909
 596
 574
1074
1228
1935
1052
1337
1777
 153
 831
 865
 879
1041
 295
1220
 515
1886
 221
 133
 255
1802
 224
1882
1711
 455
 785
  47
 390
1837
1383
 166
1989
 549
 996
 854
1126
1875
1029
 173
1049
  69
 468
1815
1687
1716
1700
1907
1849
1955
1709
  72
1419
 891
 291
 203
 937
 681
  39
 320
 846
  28
 868
 882
1993
1911
 764
1980
 633
1965
1795
 319
1680
 226
1528
1449
1934
1599
1285
1353
 489
1576
1555
1426
 256
1594
1745
1102
1622
 612
 943
 504
 604
 658
 414
 770
1422
 393
1402
1386
 187
1720
1065
1681
1946
 593
1130
1879
 192
1232
 680
 106
 246
 380
1850
1348
   2
 462
 290
 505
1066
 918
1835
 369
1236
1754
1498
 956
1178
 901
 780
1602
 722
  11
 282
 711
 797
 387
1177
 237
 304
 698
 594
1683
1763
1542
 601
1597
1910
1912
 833
1409
1788
 483
 587
 689
1893
 894
1468
1479
 276
 164
1282
1453
 401
1586
 631
1098
 314
 861
 915
 458
1631
 826
1290
1294
 234
 821
1766
1669
1714
1234
1164
 941
1653
1104
 935
 441
1504
 521
1071
 602
1462
 299
1920
1209
1344
1358
1120
 789
1891
1953
1219
1997
 872
 984
1424
1501
 495
 102
1564
1448
1483
1301
 692
 842
1962
 836
 750
 702
1945
 309
1595
1591
 624
 717
 951
1211
1193
1977
1090
 757
1267
 240
 922
 568
 931
1226
1908
1725
  61
 936
 474
1249
1176
 732
1557
1549
 849
 361
 172
1565
1452
1122
 645
1099
1866
 523
1641
1445
 572
1208
 925
 932
 986
1416
1405
1773
 664
  53
1069
1712
 225
 634
1410
 445
1275
 967
 407
 412
 107
 550
1315
1789
 535
 294
 199
1268
 570
1901
 760
1916
 360
 585
1327
 992
 625
1738
  46
1357
 130
1906
 147
1260
1861
1936
1238
 395
 281
 704
1144
 605
 637
1915
1205
1420
 980
 747
1492
1605
 485
 590
1650
1607
 801
  92
1529
1603
 232
 159
 796
1806
1250
1972
 456
1330
  49
1829
  43
 914
1715
 774
1651
 743
 302
 345
 534
1369
 887
 897
 120
 122
 110
 451
1439
 685
1488
 513
 889
 402
1195
 538
 116
1968
 188
 859
1204
 803
 211
1097
1191
1983
1313
1660
1407
 300
1956
 696
1496
 690
 227
 928
1730
1569
1902
1840
1823
1672
1620
1971
 827
 954
1522
1924
1139
 150
1831
1797
 564
1903
 724
 454
 745
 355
 547
1503
1174
1054
1145
 843
  98
 365
 983
1686
 795
 814
 716
 206
1892
 660
1014
 141
1477
1958
1974
1257
1181
 125
1417
 977
 775
1693
1813
1229
1584
 472
1524
1485
1045
 975
1625
 976
1793
  80
 974
1750
1137
1874
 114
1390
1764
1646
1610
 293
 118
1295
1743
1162
 993
1073
1036
 222
1775
  96
1894
 788
 869
 910
 556
1880
1818
1105
1467
1996
1737
1799
1194
 834
1006
1511
1729
1292
1087
 517
1427
 863
1982
1952
 466
1682
1012
 638
 104
1059
1780
1639
1159
 389
 723
 769
1239
 152
 665
1527
 966
 329
 630
1827
 734
 886
 666
1302
 213
 461
1455
 163
1927
1083
1853
  81
1380
1061
1372
1056
1038
   1
 735
1768
1309
 635
1521
  73
1095
 205
 100
 367
  26
1299
 938
 142
 790
 223
 476
 169
 950
1537
1541
   6
 575
 888
1705
 656
1037
1089
1671
1161
 766
1676
1286
  41
 183
1354
1013
 405
1367
1942
 263
 247
 121
1991
 353
1225
1152
1118
 533
 209
1697
1919
 654
 536
 366
 113
 413
1733
1772
1674
  19
1320
1634
 921
 912
 354
 979
 475
1904
 171
 375
  90
1021
  87
1803
1134
1535
1967
 271
1063
1210
 530
 884
1428
 184
 258
 657
 829
1558
1662
1939
1748
1072
 331
 518
1540
 101
 808
  68
 597
1245
 138
 673
1611
 268
1825
 135
1734
 382
 772
 900
1486
1707
1553
1668
1723
1630
1585
 182
1465
 968
 283
1287
1692
 669
 804
  89
1185
1667
 860
  84
1732
1791
 705
1400
1513
1897
1947
 554
1787
1375
1259
 444
 678
 486
 410
 318
1190
1810
  44
 527
 759
1110
1157
 532
 219
1450
 261
1117
  79
1921
 448
 168
1800
 695
1115
  1
  2
  3
  4
  5
  6
  7
  8
  9
 10
 11
 12
 13
 14
 15
 16
 17
 18
 19
 20
 21
 22
 23
 24
 25
 26
 27
 28
 29
 30
 31
 32
 33
 34
 35
 36
 37
 38
 39
 40
 41
 42
 43
 44
 45
 46
 47
 48
 49
 50
 51
 52
 53
 54
 55
 56
 57
 58
 59
 60
 61
 62
 63
 64
 65
 66
 67
 68
 69
 70
 71
 72
 73
 74
 75
 76
 77
 78
 79
 80
 81
 82
 83
 84
 85
 86
 87
 88
 89
 90
 91
 92
 93
 94
 95
 96
 97
 98
 99
100
101
102
103
104
105
106
107
108
109
110
111
112
113
114
115
116
117
118
119
120
121
122
123
124
125
126
127
128
129
130
131
132
133
134
135
136
137
138
139
140
141
142
143
144
145
146
147
148
149
150
151
152
153
154
155
156
157
158
159
160
161
162
163
164
165
166
167
168
169
170
171
172
173
174
175
176
177
178
179
180
181
182
183
184
185
186
187
188
189
190
191
192
193
194
195
196
197
198
199
200
201
202
203
204
205
206
207
208
209
210
211
212
213
214
215
216
217
218
219
220
221
222
223
224
225
226
227
228
229
230
231
232
233
234
235
236
237
238
239
240
241
242
243
244
245
246
247
248
249
250
251
252
253
254
255
256
257
258
259
260
261
262
263
264
265
266
267
268
269
270
271
272
273
274
275
276
277
278
279
280
281
282
283
284
285
286
287
288
289
290
291
292
293
294
295
296
297
298
299
300
301
302
303
304
305
306
307
308
309
310
311
312
313
314
315
316
317
318
319
320
321
322
323
324
325
326
327
328
329
330
331
332
333
334
335
336
337
338
339
340
341
342
343
344
345
346
347
348
349
350
351
352
353
354
355
356
357
358
359
360
361
362
363
364
365
366
367
368
369
370
371
372
373
374
375
376
377
378
379
380
381
382
383
384
385
386
387
388
389
390
391
392
393
394
395
396
397
398
399
400
401
402
403
404
405
406
407
408
409
410
411
412
413
414
415
416
417
418
419
420
421
422
423
424
425
426
427
428
429
430
431
432
433
434
435
436
437
438
439
440
441
442
443
444
445
446
447
448
449
450
451
452
453
454
455
456
457
458
459
460
461
462
463
464
465
466
467
468
469
470
471
472
473
474
475
476
477
478
479
480
481
482
483
484
485
486
487
488
489
490
491
492
493
494
495
496
497
498
499
500
501
502
503
504
505
506
507
508
509
510
511
512
513
514
515
516
517
518
519
520
521
522
523
524
525
526
527
528
529
530
531
532
533
534
535
536
537
538
539
540
541
542
543
544
545
546
547
548
549
550
551
552
553
554
555
556
557
558
559
560
561
562
563
564
565
566
567
568
569
570
571
572
573
574
575
576
577
578
579
580
581
582
583
584
585
586
587
588
589
590
591
592
593
594
595
596
597
598
599
600
601
602
603
604
605
606
607
608
609
610
611
612
613
614
615
616
617
618
619
620
621
622
623
624
625
626
627
628
629
630
631
632
633
634
635
636
637
638
639
640
641
642
643
644
645
646
647
648
649
650
651
652
653
654
655
656
657
658
659
660
661
662
663
664
665
666
667
668
669
670
671
672
673
674
675
676
677
678
679
680
681
682
683
684
685
686
687
688
689
690
691
692
693
694
695
696
697
698
699
700
701
702
703
704
705
706
707
708
709
710
711
712
713
714
715
716
717
718
719
720
721
722
723
724
725
726
727
728
729
730
731
732
733
734
735
736
737
738
739
740
741
742
743
744
745
746
747
748
749
750
751
752
753
754
755
756
757
758
759
760
761
762
763
764
765
766
767
768
769
770
771
772
773
774
775
776
777
778
779
780
781
782
783
784
785
786
787
788
789
790
791
792
793
794
795
796
797
798
799
800
801
802
803
804
805
806
807
808
809
810
811
812
813
814
815
816
817
818
819
820
821
822
823
824
825
826
827
828
829
830
831
832
833
834
835
836
837
838
839
840
841
842
843
844
845
846
847
848
849
850
851
852
853
854
855
856
857
858
859
860
861
862
863
864
865
866
867
868
869
870
871
872
873
874
875
876
877
878
879
880
881
882
883
884
885
886
887
888
889
890
891
892
893
894
895
896
897
898
899
900
901
902
903
904
905
906
907
908
909
910
911
912
913
914
915
916
917
918
919
920
921
922
923
924
925
926
927
928
929
930
931
932
933
934
935
936
937
938
939
940
941
942
943
944
945
946
947
948
949
950
951
952
953
954
955
956
957
958
959
960
961
962
963
964
965
966
967
968
969
970
971
972
973
974
975
976
977
978
979
980
981
982
983
984
985
986
987
988
989
990
991
992
993
994
995
996
997
998
999
1981
 819
 848
 700
 151
1854
1403
 913
1026
1425
 278
 697
1421
1015
1182
 457
 728
1834
1499
  17
1333
 439
1175
1615
1762
 994
1078
 866
1096
1560
1385
1077
 378
 233
1776
 528
  86
1179
1440
1111
 603
1718
1808
  24
 733
 989
 480
1460
 822
1979
1476
 154
 417
 651
1769
 178
1645
 847
1044
 740
 406
 429
1817
 783
 661
1593
1311
 746
 771
 751
1857
1374
 469
1664
1398
1201
 652
1878
1473
1856
 137
1627
 273
 787
1395
 450
 432
 241
1494
1172
 647
1922
 988
1430
 582
 581
 741
1328
1351
1491
1184
 725
1960
 123
1160
1500
2000
1820
 973
1855
1957
 599
 127
 744
1994
 577
 235
  70
 346
 881
1992
1334
 311
 573
1914
1051
1900
1265
 542
1084
1990
 501
1932
 112
1661
1431
 111
1481
 403
1966
1437
1002
  93
 180
 995
 670
1355
1230
1701
 731
1034
 421
1303
 948
1472
1203
 212
  14
 287
 201
 514
 218
 313
 175
1649
 423
1655
  51
 388
1092
1053
 481
1271
  48
1150
 626
1277
1889
 326
1388
 619
1360
 307
1280
1125
 519
1293
1411
 719
1807
1629
1032
1454
1636
1842
 727
 381
 322
1998
 428
1471
 623
1704
 949
1091
1978
 308
 899
 615
1024
1133
 435
1852
  63
 883
1258
1340
 337
 893
 668
1619
1048
 500
1616
1475
1970
 239
1329
1187
 270
1307
1495
1168
1206
 109
1346
 229
1241
 817
 663
1093
  94
 726
1975
  66
 244
 488
1862
1781
1478
1256
 957
1717
 434
 286
 903
 703
 398
1871
 798
 506
1217
1027
1747
  34
1690
 839
 415
 813
1124
1721
1213
1612
1583
1060
 249
1556
 776
 682
1841
1679
1434
  76
 231
 473
 328
 947
1166
 632
1362
1101
1830
1055
 712
1412
 471
 297
1247
 978
 706
 926
 363
 140
1001
 370
1582
  91
1909
 596
 574
1074
1228
1935
1052
1337
1777
 153
 831
 865
 879
1041
 295
1220
 515
1886
 221
 133
 255
1802
 224
1882
1711
 455
 785
  47
 390
1837
1383
 166
1989
 549
 996
 854
1126
1875
1029
 173
1049
  69
 468
1815
1687
1716
1700
1907
1849
1955
1709
  72
1419
 891
 291
 203
 937
 681
  39
 320
 846
  28
 868
 882
1993
1911
 764
1980
 633
1965
1795
 319
1680
 226
1528
1449
1934
1599
1285
1353
 489
1576
1555
1426
 256
1594
1745
1102
1622
 612
 943
 504
 604
 658
 414
 770
1422
 393
1402
1386
 187
1720
1065
1681
1946
 593
1130
1879
 192
1232
 680
 106
 246
 380
1850
1348
   2
 462
 290
 505
1066
 918
1835
 369
1236
1754
1498
 956
1178
 901
 780
1602
 722
  11
 282
 711
 797
 387
1177
 237
 304
 698
 594
1683
1763
1542
 601
1597
1910
1912
 833
1409
1788
 483
 587
 689
1893
 894
1468
1479
 276
 164
1282
1453
 401
1586
 631
1098
 314
 861
 915
 458
1631
 826
1290
1294
 234
 821
1766
1669
1714
1234
1164
 941
1653
1104
 935
 441
1504
 521
1071
 602
1462
 299
1920
1209
1344
1358
1120
 789
1891
1953
1219
1997
 872
 984
1424
1501
 495
 102
1564
1448
1483
1301
 692
 842
1962
 836
 750
 702
1945
 309
1595
1591
 624
 717
 951
1211
1193
1977
1090
 757
1267
 240
 922
 568
 931
1226
1908
1725
  61
 936
 474
1249
1176
 732
1557
1549
 849
 361
 172
1565
1452
1122
 645
1099
1866
 523
1641
1445
 572
1208
 925
 932
 986
1416
1405
1773
 664
  53
1069
1712
 225
 634
1410
 445
1275
 967
 407
 412
 107
 550
1315
1789
 535
 294
 199
1268
 570
1901
 760
1916
 360
 585
1327
 992
 625
1738
  46
1357
 130
1906
 147
1260
1861
1936
1238
 395
 281
 704
1144
 605
 637
1915
1205
1420
 980
 747
1492
1605
 485
 590
1650
1607
 801
  92
1529
1603
 232
 159
 796
1806
1250
1972
 456
1330
  49
1829
  43
 914
1715
 774
1651
 743
 302
 345
 534
1369
 887
 897
 120
 122
 110
 451
1439
 685
1488
 513
 889
 402
1195
 538
 116
1968
 188
 859
1204
 803
 211
1097
1191
1983
1313
1660
1407
 300
1956
 696
1496
 690
 227
 928
1730
1569
1902
1840
1823
1672
1620
1971
 827
 954
1522
1924
1139
 150
1831
1797
 564
1903
 724
 454
 745
 355
 547
1503
1174
1054
1145
 843
  98
 365
 983
1686
 795
 814
 716
 206
1892
 660
1014
 141
1477
1958
1974
1257
1181
 125
1417
 977
 775
1693
1813
1229
1584
 472
1524
1485
1045
 975
1625
 976
1793
  80
 974
1750
1137
1874
 114
1390
1764
1646
1610
 293
 118
1295
1743
1162
 993
1073
1036
 222
1775
  96
1894
 788
 869
 910
 556
1880
1818
1105
1467
1996
1737
1799
1194
 834
1006
1511
1729
1292
1087
 517
1427
 863
1982
1952
 466
1682
1012
 638
 104
1059
1780
1639
1159
 389
 723
 769
1239
 152
 665
1527
 966
 329
 630
1827
 734
 886
 666
1302
 213
 461
1455
 163
1927
1083
1853
  81
1380
1061
1372
1056
1038
   1
 735
1768
1309
 635
1521
  73
1095
 205
 100
 367
  26
1299
 938
 142
 790
 223
 476
 169
 950
1537
1541
   6
 575
 888
1705
 656
1037
1089
1671
1161
 766
1676
1286
  41
 183
1354
1013
 405
1367
1942
 263
 247
 121
1991
 353
1225
1152
1118
 533
 209
1697
1919
 654
 536
 366
 113
 413
1733
1772
1674
  19
1320
1634
 921
 912
 354
 979
 475
1904
 171
 375
  90
1021
  87
1803
1134
1535
1967
 271
1063
1210
 530
 884
1428
 184
 258
 657
 829
1558
1662
1939
1748
1072
 331
 518
1540
 101
 808
  68
 597
1245
 138
 673
1611
 268
1825
 135
1734
 382
 772
 900
1486
1707
1553
1668
1723
1630
1585
 182
1465
 968
 283
1287
1692
 669
 804
  89
1185
1667
 860
  84
1732
1791
 705
1400
1513
1897
1947
 554
1787
1375
1259
 444
 678
 486
 410
 318
1190
1810
  44
 527
 759
1110
1157
 532
 219
1450
 261
1117
  79
1921
 448
 168
1800
 695
1115
  1
  2
  3
  4
  5
  6
  7
  8
  9
 10
 11
 12
 13
 14
 15
 16
 17
 18
 19
 20
 21
 22
 23
 24
 25
 26
 27
 28
 29
 30
 31
 32
 33
 34
 35
 36
 37
 38
 39
 40
 41
 42
 43
 44
 45
 46
 47
 48
 49
 50
 51
 52
 53
 54
 55
 56
 57
 58
 59
 60
 61
 62
 63
 64
 65
 66
 67
 68
 69
 70
 71
 72
 73
 74
 75
 76
 77
 78
 79
 80
 81
 82
 83
 84
 85
 86
 87
 88
 89
 90
 91
 92
 93
 94
 95
 96
 97
 98
 99
100
101
102
103
104
105
106
107
108
109
110
111
112
113
114
115
116
117
118
119
120
121
122
123
124
125
126
127
128
129
130
131
132
133
134
135
136
137
138
139
140
141
142
143
144
145
146
147
148
149
150
151
152
153
154
155
156
157
158
159
160
161
162
163
164
165
166
167
168
169
170
171
172
173
174
175
176
177
178
179
180
181
182
183
184
185
186
187
188
189
190
191
192
193
194
195
196
197
198
199
200
201
202
203
204
205
206
207
208
209
210
211
212
213
214
215
216
217
218
219
220
221
222
223
224
225
226
227
228
229
230
231
232
233
234
235
236
237
238
239
240
241
242
243
244
245
246
247
248
249
250
251
252
253
254
255
256
257
258
259
260
261
262
263
264
265
266
267
268
269
270
271
272
273
274
275
276
277
278
279
280
281
282
283
284
285
286
287
288
289
290
291
292
293
294
295
296
297
298
299
300
301
302
303
304
305
306
307
308
309
310
311
312
313
314
315
316
317
318
319
320
321
322
323
324
325
326
327
328
329
330
331
332
333
334
335
336
337
338
339
340
341
342
343
344
345
346
347
348
349
350
351
352
353
354
355
356
357
358
359
360
361
362
363
364
365
366
367
368
369
370
371
372
373
374
375
376
377
378
379
380
381
382
383
384
385
386
387
388
389
390
391
392
393
394
395
396
397
398
399
400
401
402
403
404
405
406
407
408
409
410
411
412
413
414
415
416
417
418
419
420
421
422
423
424
425
426
427
428
429
430
431
432
433
434
435
436
437
438
439
440
441
442
443
444
445
446
447
448
449
450
451
452
453
454
455
456
457
458
459
460
461
462
463
464
465
466
467
468
469
470
471
472
473
474
475
476
477
478
479
480
481
482
483
484
485
486
487
488
489
490
491
492
493
494
495
496
497
498
499
500
501
502
503
504
505
506
507
508
509
510
511
512
513
514
515
516
517
518
519
520
521
522
523
524
525
526
527
528
529
530
531
532
533
534
535
536
537
538
539
540
541
542
543
544
545
546
547
548
549
550
551
552
553
554
555
556
557
558
559
560
561
562
563
564
565
566
567
568
569
570
571
572
573
574
575
576
577
578
579
580
581
582
583
584
585
586
587
588
589
590
591
592
593
594
595
596
597
598
599
600
601
602
603
604
605
606
607
608
609
610
611
612
613
614
615
616
617
618
619
620
621
622
623
624
625
626
627
628
629
630
631
632
633
634
635
636
637
638
639
640
641
642
643
644
645
646
647
648
649
650
651
652
653
654
655
656
657
658
659
660
661
662
663
664
665
666
667
668
669
670
671
672
673
674
675
676
677
678
679
680
681
682
683
684
685
686
687
688
689
690
691
692
693
694
695
696
697
698
699
700
701
702
703
704
705
706
707
708
709
710
711
712
713
714
715
716
717
718
719
720
721
722
723
724
725
726
727
728
729
730
731
732
733
734
735
736
737
738
739
740
741
742
743
744
745
746
747
748
749
750
751
752
753
754
755
756
757
758
759
760
761
762
763
764
765
766
767
768
769
770
771
772
773
774
775
776
777
778
779
780
781
782
783
784
785
786
787
788
789
790
791
792
793
794
795
796
797
798
799
800
801
802
803
804
805
806
807
808
809
810
811
812
813
814
815
816
817
818
819
820
821
822
823
824
825
826
827
828
829
830
831
832
833
834
835
836
837
838
839
840
841
842
843
844
845
846
847
848
849
850
851
852
853
854
855
856
857
858
859
860
861
862
863
864
865
866
867
868
869
870
871
872
873
874
875
876
877
878
879
880
881
882
883
884
885
886
887
888
889
890
891
892
893
894
895
896
897
898
899
900
901
902
903
904
905
906
907
908
909
910
911
912
913
914
915
916
917
918
919
920
921
922
923
924
925
926
927
928
929
930
931
932
933
934
935
936
937
938
939
940
941
942
943
944
945
946
947
948
949
950
951
952
953
954
955
956
957
958
959
960
961
962
963
964
965
966
967
968
969
970
971
972
973
974
975
976
977
978
979
980
981
982
983
984
985
986
987
988
989
990
991
992
993
994
995
996
997
998
999